,teamWins1,teamWins2,teamWins3,teamWins4,teamLosses1,teamLosses2,teamLosses3,teamLosses4,teamStats00,teamStats10,teamStats20,teamStats30,teamStats01,teamStats11,teamStats21,teamStats31,teamStats02,teamStats12,teamStats22,teamStats32,teamStats03,teamStats13,teamStats23,teamStats33,teamStats04,teamStats14,teamStats24,teamStats34,teamStats05,teamStats15,teamStats25,teamStats35,teamStats06,teamStats16,teamStats26,teamStats36,teamStats07,teamStats17,teamStats27,teamStats37,teamStats08,teamStats18,teamStats28,teamStats38,teamStats09,teamStats19,teamStats29,teamStats39,choose_team,playerStats00,playerStats10,playerStats20,playerStats30,playerStats01,playerStats11,playerStats21,playerStats31,playerStats02,playerStats12,playerStats22,playerStats32,playerStats03,playerStats13,playerStats23,playerStats33,playerStats04,playerStats14,playerStats24,playerStats34,playerStats05,playerStats15,playerStats25,playerStats35,playerStats06,playerStats16,playerStats26,playerStats36,playerStats07,playerStats17,playerStats27,playerStats37,playerStats08,playerStats18,playerStats28,playerStats38,playerStats09,playerStats19,playerStats29,playerStats39,team_or_player,which_player,buy_item,money
0,0,0,0,0,0,0,0,0,33,39,32,36,38,37,35,33,32,28,39,31,35,35,35,30,35,32,35,38,32,39,32,36,37,36,38,34,35,32,34,30,39,35,30,36,38,33,31,32,0,9,7,4,9,11,4,12,12,10,9,6,8,13,7,9,8,15,9,13,8,10,10,11,13,8,12,8,12,7,9,6,14,10,14,11,8,8,15,11,13,0,1,0,9
1,0,0,0,0,0,0,0,0,32,36,29,34,37,35,34,35,32,40,31,34,40,32,34,32,34,37,34,32,37,37,33,37,29,41,34,36,35,33,31,37,38,32,39,33,31,36,33,34,0,7,8,15,8,10,9,7,14,7,8,8,7,11,6,11,10,9,5,10,10,10,10,4,7,12,7,6,10,6,12,10,10,13,5,7,13,6,11,12,7,0,1,0,10
2,0,0,0,0,0,0,0,0,33,41,41,37,36,39,35,29,32,34,35,36,29,34,40,36,39,34,38,33,37,41,34,30,37,33,34,31,32,29,36,38,36,33,31,37,34,38,37,28,0,10,6,4,6,8,9,11,9,14,3,10,7,7,13,3,6,10,13,15,7,11,12,6,11,9,6,7,8,8,11,6,6,11,8,13,5,12,11,4,7,0,1,0,10
3,0,0,0,0,0,0,0,0,34,40,37,33,37,33,34,38,39,33,40,33,33,37,36,33,31,37,32,33,34,38,32,31,40,33,33,35,32,32,33,33,37,32,34,34,36,33,33,44,0,10,5,11,6,7,6,8,7,13,10,11,13,8,5,7,12,7,14,7,8,10,5,4,7,10,13,13,12,4,6,7,13,5,11,14,7,8,9,13,12,0,1,0,10
4,0,0,0,0,0,0,0,0,32,34,33,39,35,38,33,33,36,37,36,34,39,36,36,34,36,36,37,38,28,34,37,32,34,33,31,31,28,36,39,33,35,40,33,35,32,33,34,37,0,11,7,7,5,8,12,12,9,11,11,5,5,9,7,8,11,13,12,10,8,8,7,8,5,7,14,12,9,10,6,6,4,14,10,9,7,10,5,7,8,0,1,0,10
5,0,0,0,0,0,0,0,0,31,32,32,32,38,37,37,32,41,33,35,32,37,32,33,34,30,29,35,31,42,40,37,34,38,33,33,31,38,34,32,35,35,31,35,41,37,33,36,35,0,5,8,7,9,12,10,13,12,14,5,10,12,11,7,5,15,8,10,5,6,12,10,10,11,9,8,10,8,9,10,9,13,12,9,7,4,18,7,4,9,0,1,0,10
6,0,0,0,0,0,0,0,0,38,35,36,30,35,38,36,32,38,35,34,33,33,31,32,35,40,37,35,34,32,34,37,37,35,36,30,31,32,37,37,31,32,33,39,32,31,32,34,34,0,12,11,11,14,9,10,15,6,8,10,12,10,7,10,4,9,8,9,12,13,9,8,7,9,13,10,10,15,9,9,5,10,10,9,8,10,8,10,10,7,0,1,0,10
7,0,0,0,0,0,0,0,0,34,34,38,35,36,36,33,40,35,34,37,33,34,37,38,32,38,34,41,38,35,35,35,37,37,39,38,38,33,35,34,35,38,37,32,32,37,34,34,39,0,9,4,11,8,9,9,7,12,4,10,5,11,10,11,9,7,5,7,10,13,12,9,8,9,14,7,6,5,9,5,4,10,9,8,5,12,14,6,7,16,0,1,0,10
8,0,0,0,0,0,0,0,0,33,38,42,35,34,37,37,36,36,36,31,34,37,35,34,39,34,32,33,38,36,31,29,35,38,33,32,32,35,38,33,35,32,35,33,34,35,36,36,32,0,9,3,15,7,7,10,7,5,9,12,8,8,17,7,12,12,6,9,8,12,9,10,6,12,6,11,6,6,7,13,5,13,8,12,10,7,10,10,7,11,0,1,0,10
9,0,0,0,0,0,0,0,0,33,34,32,36,36,37,31,34,38,39,34,36,36,33,37,32,35,34,31,35,34,35,33,37,31,36,32,38,31,33,39,38,34,37,40,31,41,35,33,33,0,7,10,8,6,11,12,12,12,9,8,7,12,8,7,12,12,14,11,5,8,7,6,4,11,9,7,8,11,7,7,7,6,8,12,10,4,8,10,12,10,0,1,0,10
10,0,0,0,0,0,0,0,0,35,38,37,38,36,36,33,31,29,38,36,32,29,32,32,37,36,31,40,34,35,35,31,35,35,36,35,31,37,30,38,31,38,32,37,30,32,29,34,35,0,9,10,14,5,6,6,9,4,7,9,7,11,4,7,14,8,7,14,8,4,11,10,15,9,10,12,4,9,7,12,13,12,5,10,11,8,8,11,9,9,0,1,0,10
11,0,0,0,0,0,0,0,0,35,35,38,36,38,33,37,36,36,36,37,41,36,37,39,31,38,32,33,34,35,33,35,37,40,36,38,28,32,35,42,40,37,35,31,39,38,42,37,37,0,9,12,7,4,9,11,14,12,10,13,6,16,10,7,11,7,17,8,10,7,9,10,12,7,15,12,9,8,8,7,8,7,12,8,6,16,6,9,10,10,0,1,0,10
12,0,0,0,0,0,0,0,0,36,36,36,35,37,31,43,38,31,41,32,38,36,27,32,37,35,32,36,37,38,37,33,33,36,37,31,39,35,32,40,34,38,41,34,34,37,34,32,40,0,12,7,5,8,13,8,9,9,9,7,7,8,14,8,12,10,9,9,5,14,6,13,11,13,10,10,8,7,10,9,8,11,10,7,7,12,6,4,10,6,0,1,0,10
13,0,0,0,0,0,0,0,0,32,33,30,29,37,31,36,36,39,40,30,32,34,33,33,37,29,38,31,35,34,36,39,38,35,35,38,36,34,31,35,31,32,38,37,37,43,32,33,30,0,8,13,4,7,8,7,6,9,6,7,10,9,12,9,11,10,8,4,3,4,4,14,7,7,11,10,10,8,7,10,4,10,11,9,7,8,11,8,15,11,0,1,0,10
14,0,0,0,0,0,0,0,0,28,39,33,33,38,39,34,33,41,33,37,32,38,29,32,35,33,39,35,38,36,37,37,34,41,36,35,33,36,35,30,35,32,38,32,32,37,34,32,37,0,8,8,7,10,10,14,12,12,9,11,9,10,13,13,11,3,4,10,5,11,9,9,10,6,7,11,11,5,13,6,13,13,10,8,9,5,13,9,8,10,0,1,0,10
15,0,0,0,0,0,0,0,0,33,39,35,33,37,33,31,35,33,36,37,36,31,32,37,36,40,33,36,32,36,35,29,35,40,39,36,34,36,32,32,33,36,36,35,34,34,32,32,32,0,8,11,9,8,7,9,9,13,12,15,11,9,12,4,13,8,7,12,6,6,7,9,10,10,10,9,9,8,9,6,11,7,12,9,4,7,6,7,13,7,0,1,0,10
16,0,0,0,0,0,0,0,0,35,36,36,32,36,30,38,35,37,30,38,32,36,33,34,40,32,33,36,29,30,34,35,40,33,36,38,32,36,33,34,34,34,32,37,35,32,36,38,37,0,8,6,9,10,3,12,4,11,12,7,10,11,12,4,9,12,6,8,6,9,5,6,15,7,8,6,14,8,9,14,10,9,10,11,11,9,9,12,5,4,0,1,0,10
17,0,0,0,0,0,0,0,0,27,28,38,31,35,36,40,30,38,38,36,30,35,33,39,34,31,39,38,37,36,36,37,32,36,33,39,37,35,35,34,37,35,33,31,34,34,37,38,34,0,4,6,12,6,10,9,6,7,7,13,13,9,10,9,8,9,11,7,8,12,12,11,11,12,9,8,5,8,7,6,8,9,7,8,9,9,3,6,10,9,0,1,0,10
18,0,0,0,0,0,0,0,0,38,32,34,32,34,35,36,39,34,38,41,32,34,35,38,36,34,36,36,40,34,42,34,32,34,35,39,36,32,35,30,37,34,36,36,34,33,34,36,33,0,11,8,9,8,6,13,9,10,8,11,3,13,7,12,8,9,7,9,12,16,9,6,5,9,10,7,5,3,5,12,7,9,16,9,4,7,6,12,8,6,0,1,0,10
19,0,0,0,0,0,0,0,0,30,38,33,34,36,34,35,34,34,34,35,34,34,34,36,38,37,35,35,35,32,33,32,35,38,41,37,28,39,24,34,36,38,35,31,31,30,32,34,36,0,9,8,6,9,12,7,7,13,11,5,7,4,7,8,7,11,8,11,7,9,9,7,13,3,14,9,8,9,7,6,8,8,4,13,10,11,15,9,7,6,0,1,0,10
20,0,0,0,0,0,0,0,0,32,35,37,32,35,31,33,37,34,35,35,38,34,33,29,37,32,37,36,35,37,37,37,39,35,38,39,34,32,31,32,32,33,33,34,40,31,37,39,29,0,6,10,11,5,5,9,8,13,14,6,6,10,10,5,13,12,6,6,6,7,8,11,12,6,5,9,7,14,6,10,11,6,3,8,5,10,8,9,13,5,0,1,0,10
21,0,0,0,0,0,0,0,0,36,34,36,36,31,29,33,34,33,37,36,34,40,35,37,35,33,33,33,34,37,37,33,36,31,30,35,32,41,38,33,34,37,35,33,37,36,31,32,40,0,16,6,6,7,8,10,7,8,10,9,9,6,10,11,9,7,6,8,4,14,9,14,10,10,12,7,7,10,12,9,13,12,11,11,13,9,13,11,5,15,0,1,0,10
22,0,0,0,0,0,0,0,0,32,33,40,38,30,36,30,30,34,36,38,36,36,39,29,36,37,31,37,41,30,32,35,37,30,33,38,34,31,33,33,37,38,33,39,36,35,35,37,31,0,12,6,4,6,6,7,8,7,14,12,8,6,10,11,7,8,7,6,7,6,12,11,7,7,5,11,7,5,8,8,8,3,11,9,6,9,7,7,12,13,0,1,0,10
23,0,0,0,0,0,0,0,0,41,29,37,34,36,35,36,36,35,34,34,36,40,32,31,36,32,34,38,37,30,35,38,30,40,38,28,35,34,33,32,37,32,33,33,39,37,33,35,34,0,15,12,8,7,10,12,13,11,9,12,12,8,10,13,10,9,8,10,10,8,12,10,14,5,12,7,13,6,10,15,12,7,7,7,9,12,13,4,9,10,0,1,0,10
24,0,0,0,0,0,0,0,0,29,37,34,33,33,30,34,38,33,36,35,29,29,36,36,29,35,31,32,34,37,29,40,37,25,32,37,36,32,33,38,35,37,31,37,38,32,33,32,42,0,7,9,4,4,4,6,7,10,12,8,6,10,8,7,11,7,11,10,8,5,13,12,8,8,8,5,9,5,5,12,12,4,9,5,5,13,11,11,6,9,0,1,0,10
25,0,0,0,0,0,0,0,0,39,38,32,40,32,35,33,33,34,34,36,38,37,32,34,39,35,34,35,43,34,36,35,38,37,33,34,30,37,30,34,32,38,31,34,27,34,28,36,32,0,12,8,12,9,6,9,12,5,9,7,15,7,9,10,10,11,12,7,6,6,8,6,9,17,8,8,12,6,9,7,9,8,10,6,7,15,9,8,12,8,0,1,0,10
26,0,0,0,0,0,0,0,0,36,32,35,32,34,36,33,34,35,36,35,32,36,35,35,33,34,34,34,34,32,40,31,35,36,34,34,35,35,37,35,35,37,31,35,36,31,34,35,32,0,6,4,11,8,12,9,9,13,8,7,11,8,7,10,13,3,6,6,14,12,12,4,5,6,10,7,8,14,7,14,4,7,8,12,13,7,15,7,5,11,0,1,0,10
27,0,0,0,0,0,0,0,0,36,32,41,39,31,37,43,38,40,37,35,39,33,37,38,34,29,33,34,39,29,31,34,35,37,38,30,36,38,40,36,30,36,37,30,35,33,32,36,32,0,12,7,8,12,9,12,5,7,7,12,7,6,8,7,9,9,7,8,9,10,10,9,4,7,11,9,13,12,12,9,12,15,4,6,11,7,6,12,12,6,0,1,0,10
28,0,0,0,0,0,0,0,0,31,35,37,33,36,33,34,38,31,37,35,34,35,32,36,36,37,41,36,36,35,29,33,33,35,32,42,37,29,35,36,39,42,35,35,30,32,35,38,30,0,6,11,10,8,8,7,10,6,7,7,9,11,11,4,4,12,9,12,3,8,13,8,6,9,8,8,8,5,6,5,10,8,11,11,7,8,7,14,9,12,0,1,0,10
29,0,0,0,0,0,0,0,0,34,33,36,36,30,33,31,37,32,32,28,31,28,32,30,34,39,34,34,38,36,35,35,38,31,34,38,29,31,33,31,35,38,31,32,34,36,36,36,36,0,4,12,6,10,9,6,6,10,12,9,5,8,6,7,7,8,8,13,8,5,8,4,14,10,5,5,9,8,7,8,7,12,9,11,9,7,10,12,9,9,0,1,0,10
30,0,0,0,0,0,0,0,0,32,38,38,34,37,33,37,34,32,34,32,35,32,36,31,33,38,35,37,36,37,39,34,36,35,34,37,35,33,35,32,26,33,32,33,38,38,32,31,39,0,5,11,3,8,7,11,9,8,6,11,6,6,6,10,14,6,11,15,12,8,7,12,8,10,9,9,10,8,13,4,12,8,8,7,10,11,8,11,10,9,0,1,0,10
31,0,0,0,0,0,0,0,0,37,35,35,33,30,35,34,35,35,35,33,34,36,32,32,39,33,33,34,33,32,35,36,38,33,34,31,36,35,35,31,38,39,33,34,34,32,32,38,35,0,13,6,8,9,4,4,6,13,4,12,5,15,11,10,12,7,11,9,8,11,7,6,10,9,6,10,9,4,6,9,9,8,9,9,10,14,12,4,8,6,0,1,0,10
32,0,0,0,0,0,0,0,0,29,36,37,34,34,36,29,38,38,35,30,32,37,29,33,41,37,33,38,34,40,39,37,33,35,38,32,34,40,36,34,35,38,37,33,36,37,32,36,33,0,10,10,7,7,6,8,7,14,6,12,9,3,13,5,10,13,12,10,9,7,9,12,11,13,11,4,13,8,13,11,12,13,11,9,5,10,6,12,12,11,0,1,0,10
33,0,0,0,0,0,0,0,0,30,33,39,37,34,41,36,33,37,33,34,27,34,35,32,36,44,38,34,35,38,38,36,32,34,35,36,37,35,36,33,33,41,39,35,36,37,32,34,32,0,9,7,13,8,11,6,12,8,3,13,9,9,7,8,4,6,12,14,12,7,6,7,11,10,9,10,8,11,9,7,8,5,12,8,12,11,11,5,6,13,0,1,0,10
34,0,0,0,0,0,0,0,0,33,28,36,34,32,34,30,36,34,32,33,34,34,32,32,33,29,40,34,31,32,35,34,35,35,37,34,33,31,29,38,32,36,29,27,39,39,35,30,31,0,5,5,7,5,9,11,4,5,7,13,5,6,11,7,11,4,4,11,3,8,3,6,13,9,14,8,8,13,11,7,8,10,9,11,8,9,8,5,6,6,0,1,0,10
35,0,0,0,0,0,0,0,0,39,31,33,33,33,40,29,32,34,35,37,32,33,33,27,33,31,30,40,39,33,37,36,31,39,38,34,34,37,38,30,37,39,35,32,31,34,28,36,33,0,10,6,12,9,9,9,8,5,14,6,8,7,6,5,7,11,3,7,4,8,8,12,5,6,11,6,15,14,4,16,6,10,7,8,12,10,10,9,6,9,0,1,0,10
36,0,0,0,0,0,0,0,0,32,37,36,32,30,35,35,31,35,34,29,33,37,35,39,33,31,34,30,35,30,38,34,38,35,36,32,37,32,34,35,33,35,36,28,35,43,35,35,35,0,9,8,9,7,6,10,9,12,8,8,10,8,10,5,16,9,5,12,9,7,8,7,6,8,8,7,8,13,7,8,11,8,14,7,11,11,9,8,9,13,0,1,0,10
37,0,0,0,0,0,0,0,0,32,35,33,34,34,29,34,34,36,32,34,37,37,32,33,38,34,30,35,32,31,31,34,34,37,32,31,32,37,32,33,33,32,43,35,32,38,35,37,34,0,10,6,15,10,9,6,6,9,8,12,9,7,9,11,14,9,5,8,11,8,7,6,10,13,10,10,3,10,8,6,8,12,7,12,6,16,11,7,13,10,0,1,0,10
38,0,0,0,0,0,0,0,0,38,39,39,37,34,34,34,34,30,35,34,36,35,37,36,37,30,38,31,36,33,32,40,39,32,35,35,33,30,33,34,35,33,33,36,35,37,34,35,37,0,8,13,12,11,12,7,9,15,7,6,8,8,7,9,9,11,7,16,10,7,11,8,13,5,10,9,12,9,4,10,4,6,9,4,6,10,10,10,7,14,0,1,0,10
39,0,0,0,0,0,0,0,0,32,31,36,31,32,36,34,38,38,38,37,34,38,37,39,39,28,33,31,30,29,36,35,36,38,34,34,34,37,34,34,35,33,35,32,37,38,33,34,35,0,14,6,10,9,9,9,9,5,14,12,10,10,7,12,12,10,7,7,5,9,7,9,12,10,15,8,12,10,12,8,15,12,9,10,10,12,7,10,11,7,0,1,0,10
40,0,0,0,0,0,0,0,0,33,34,41,38,38,34,34,26,31,32,36,34,34,30,40,38,36,39,35,31,38,35,33,34,36,36,39,37,39,32,33,42,34,35,35,34,33,31,34,37,0,8,8,6,9,12,11,10,10,4,4,9,8,12,10,8,6,4,9,14,11,7,9,12,10,11,13,5,12,9,4,11,14,10,6,9,7,8,8,8,9,0,1,0,10
41,0,0,0,0,0,0,0,0,29,39,32,34,34,32,33,41,33,30,34,37,35,34,38,32,39,32,35,35,32,33,31,31,33,35,33,33,37,35,34,31,41,37,40,33,34,36,38,36,0,11,8,9,4,4,9,9,9,10,10,9,7,3,9,15,10,13,11,7,12,4,13,7,8,10,8,10,10,14,11,8,13,8,12,13,10,6,10,13,5,0,1,0,10
42,0,0,0,0,0,0,0,0,33,35,37,34,34,41,36,31,32,38,35,36,39,35,32,39,34,36,37,38,32,33,34,35,33,38,38,34,33,32,33,32,44,36,33,34,32,39,40,35,0,9,6,6,11,9,7,7,14,9,7,9,8,8,11,4,7,14,6,10,10,4,7,7,7,9,10,6,8,9,9,8,13,11,10,14,12,11,10,10,5,0,1,0,10
43,0,0,0,0,0,0,0,0,34,31,32,34,35,33,38,33,34,32,34,35,35,32,35,34,30,36,40,35,34,33,41,36,35,38,29,37,36,31,36,34,35,33,34,33,32,34,32,29,0,5,6,13,10,11,14,9,7,11,13,9,7,10,7,6,12,7,6,11,8,8,10,11,9,14,10,5,16,5,10,10,5,5,9,8,7,7,16,14,6,0,1,0,10
44,0,0,0,0,0,0,0,0,31,29,40,36,35,32,32,33,31,36,33,34,37,35,39,28,36,35,36,32,33,33,35,35,33,33,35,30,36,36,37,34,34,35,38,37,36,33,34,31,0,7,8,10,6,13,7,8,4,13,9,7,10,9,6,13,13,13,7,11,10,7,12,5,5,12,4,10,7,12,11,8,7,13,6,11,7,8,8,13,9,0,1,0,10
45,0,0,0,0,0,0,0,0,34,35,34,38,31,35,38,35,36,31,31,35,35,33,36,34,33,34,34,36,38,31,35,37,37,32,32,35,38,35,31,34,36,28,33,32,35,33,38,33,0,8,11,4,6,6,7,6,7,9,7,10,7,9,7,9,7,14,9,3,9,9,4,9,11,11,7,5,11,10,6,6,12,12,8,13,12,9,8,10,9,0,1,0,10
46,0,0,0,0,0,0,0,0,34,41,38,33,31,37,33,37,37,35,34,34,30,33,34,38,40,37,37,32,38,29,33,33,37,36,30,30,36,32,33,32,33,39,36,36,32,35,33,35,0,8,4,6,7,6,7,9,6,7,9,7,8,7,13,5,7,3,16,11,13,8,9,15,6,12,11,11,9,7,7,13,8,7,8,12,7,14,4,7,8,0,1,0,10
47,0,0,0,0,0,0,0,0,33,35,38,39,38,34,35,27,37,39,32,34,35,38,40,35,33,35,34,40,32,33,37,33,36,37,29,38,37,39,34,32,32,33,32,37,35,36,33,33,0,8,9,5,9,8,12,11,10,7,13,12,7,6,9,7,12,5,13,9,11,7,9,4,6,9,10,11,7,10,9,9,9,7,10,6,10,12,12,8,12,0,1,0,10
48,0,0,0,0,0,0,0,0,34,31,35,35,39,34,32,28,34,32,31,33,38,35,32,33,34,33,38,34,36,36,35,36,38,29,37,33,36,31,37,35,35,34,37,36,43,33,33,33,0,8,12,15,14,9,8,9,10,13,6,12,11,12,16,11,13,12,9,8,4,10,7,5,8,13,10,10,7,11,5,11,7,15,6,4,4,14,10,13,6,0,1,0,10
49,0,0,0,0,0,0,0,0,39,37,33,39,42,38,35,35,35,33,37,34,32,36,34,35,36,31,38,33,35,40,31,36,35,32,34,33,32,35,35,33,34,33,38,35,38,36,37,37,0,5,13,13,7,10,6,13,14,7,11,11,11,9,18,8,10,8,12,8,13,11,5,12,4,8,8,6,13,12,9,7,6,5,9,14,6,12,8,14,14,0,1,0,10
50,0,0,0,0,0,0,0,0,33,36,30,39,35,34,28,33,33,37,35,35,31,31,29,36,34,35,36,32,37,32,29,34,33,32,36,31,38,33,32,35,37,41,37,34,36,35,37,34,0,10,9,4,4,11,11,10,12,9,7,9,8,14,8,3,8,9,5,3,13,8,9,10,9,8,13,10,7,10,7,10,6,15,8,14,6,6,4,15,10,0,1,0,10
51,0,0,0,0,0,0,0,0,32,35,34,33,33,32,36,36,35,30,36,33,38,34,31,32,34,41,30,33,32,37,37,33,35,35,38,33,32,33,36,40,31,32,34,37,31,34,34,41,0,6,6,6,7,8,7,12,4,9,8,6,7,7,8,11,8,9,9,4,9,6,8,7,7,6,7,9,11,11,15,7,10,5,12,4,6,9,10,7,8,0,1,0,10
52,0,0,0,0,0,0,0,0,33,32,38,32,36,37,32,37,37,33,34,33,28,29,35,34,33,38,34,36,38,35,36,32,36,35,33,33,35,30,37,35,35,39,35,37,33,36,41,30,0,5,4,9,8,10,6,8,12,7,12,7,11,8,3,9,8,6,4,8,5,10,9,4,15,11,6,8,5,8,15,14,13,10,6,6,8,9,10,9,8,0,1,0,10
53,0,0,0,0,0,0,0,0,36,30,38,36,34,36,32,35,35,35,37,35,32,31,38,31,33,38,37,36,41,37,31,33,38,38,35,39,37,28,40,31,35,36,37,35,32,39,34,36,0,11,9,16,11,11,13,6,10,15,8,3,9,5,11,13,12,9,4,10,6,13,10,9,15,10,11,10,15,8,9,12,10,14,13,7,7,7,6,7,6,0,1,0,10
54,0,0,0,0,0,0,0,0,32,35,32,31,34,37,34,36,38,37,33,33,34,40,29,30,33,36,37,36,35,43,36,33,35,36,33,38,31,29,39,31,33,33,32,30,37,33,33,35,0,7,7,9,8,9,5,6,8,4,8,8,13,11,9,6,11,7,10,6,7,17,9,10,5,9,5,9,9,4,11,11,9,6,7,14,6,6,16,10,8,0,1,0,10
55,0,0,0,0,0,0,0,0,35,34,36,35,31,38,33,36,42,36,32,36,40,35,34,36,35,35,35,29,33,39,38,33,33,36,36,31,33,36,33,35,36,36,39,39,36,36,35,31,0,4,9,9,10,8,7,8,14,9,9,15,7,7,9,10,9,4,6,6,8,4,8,8,6,11,9,6,12,3,11,15,8,8,15,7,11,5,6,11,10,0,1,0,10
56,0,0,0,0,0,0,0,0,36,34,39,40,33,39,37,33,40,36,41,33,30,30,32,38,36,35,34,33,37,36,34,32,31,38,33,35,33,28,32,35,38,30,39,35,35,34,39,32,0,10,8,11,9,9,4,8,8,10,12,12,9,8,6,7,8,7,12,7,12,9,12,8,9,6,6,10,10,5,5,5,6,8,11,15,8,15,10,13,9,0,1,0,10
57,0,0,0,0,0,0,0,0,38,32,35,42,32,26,38,33,36,38,35,35,33,34,30,34,38,35,34,29,34,37,38,33,35,29,33,39,33,31,36,34,32,32,33,31,34,32,35,37,0,8,12,9,6,15,9,5,5,8,6,15,10,7,12,4,9,7,8,15,10,12,13,12,10,11,7,10,6,12,6,10,6,8,8,10,3,11,12,8,6,0,1,0,10
58,0,0,0,0,0,0,0,0,31,34,31,30,39,33,33,30,41,37,30,30,30,33,30,35,26,37,30,33,31,33,33,31,36,33,32,32,33,37,32,34,35,38,38,36,35,39,37,38,0,5,10,4,9,8,13,10,11,14,11,6,10,8,7,4,5,7,4,7,6,8,12,5,12,10,4,14,10,7,10,9,9,10,5,13,10,6,7,7,10,0,1,0,10
59,0,0,0,0,0,0,0,0,29,38,34,35,32,35,33,35,35,36,39,34,30,31,35,32,34,40,43,34,36,32,33,35,32,35,37,33,41,35,34,35,33,31,37,34,34,34,32,38,0,9,7,5,4,13,6,11,4,8,13,9,10,7,4,9,7,8,7,8,7,11,12,5,9,6,12,12,10,12,12,9,6,6,5,11,7,8,12,10,12,0,1,0,10
60,0,0,0,0,0,0,0,0,37,28,37,39,35,34,38,32,33,37,41,37,38,31,38,37,31,37,38,34,33,33,35,37,32,33,32,37,33,38,36,33,30,38,32,38,33,31,39,32,0,7,8,9,11,7,8,11,15,6,9,9,7,10,8,11,10,12,7,5,4,6,9,11,8,6,9,6,6,9,3,8,4,15,7,13,8,10,8,7,10,0,1,0,10
61,0,0,0,0,0,0,0,0,37,37,34,32,32,31,30,31,34,34,37,37,35,33,33,33,36,35,29,33,34,35,37,31,33,35,33,28,34,32,35,31,39,35,33,35,36,37,39,34,0,11,11,10,4,8,7,15,8,11,13,11,11,13,5,14,6,9,11,14,13,12,5,10,8,10,4,9,7,12,10,10,5,15,7,8,10,12,4,11,12,0,1,0,10
62,0,0,0,0,0,0,0,0,36,38,31,35,37,35,37,35,35,33,36,38,35,38,33,33,33,35,36,32,35,32,31,35,32,33,35,32,34,36,37,34,36,33,33,36,37,35,37,36,0,10,7,10,14,9,9,10,7,7,8,7,8,9,6,10,12,7,8,11,7,8,10,9,8,8,9,8,5,15,12,12,12,14,10,8,7,10,13,11,13,0,1,0,10
63,0,0,0,0,0,0,0,0,36,31,35,35,36,35,38,34,33,34,33,37,34,32,35,28,33,34,30,38,37,37,35,37,29,36,38,34,33,38,37,35,36,37,32,33,35,36,36,33,0,14,7,9,7,11,7,10,7,4,15,3,6,4,12,8,7,8,5,16,4,9,8,7,12,7,10,8,6,11,7,9,11,11,6,11,10,13,5,6,12,0,1,0,10
64,0,0,0,0,0,0,0,0,31,34,37,31,40,37,38,35,39,31,39,33,39,37,36,33,34,32,30,33,33,36,33,35,37,38,38,30,33,33,33,38,29,38,36,33,34,37,31,37,0,4,9,9,4,12,11,15,9,9,10,13,13,11,6,13,11,9,7,8,14,7,9,5,9,10,14,8,12,15,9,7,7,8,6,6,9,8,6,11,4,0,1,0,10
65,0,0,0,0,0,0,0,0,33,36,39,39,38,34,35,36,36,39,31,33,35,35,38,32,36,26,37,30,35,33,37,42,30,29,37,31,38,33,35,39,33,33,39,32,35,40,32,30,0,9,11,11,7,9,8,10,7,5,11,6,11,12,10,5,9,15,8,7,9,7,9,5,9,7,3,7,8,12,6,12,8,5,10,8,12,7,13,7,11,0,1,0,10
66,0,0,0,0,0,0,0,0,37,37,33,33,37,34,31,30,31,30,33,34,35,34,36,34,34,32,33,34,32,30,35,39,33,35,29,37,33,37,37,32,37,38,34,35,34,35,36,36,0,11,15,10,10,10,8,8,9,12,5,9,8,10,9,5,9,6,7,12,9,8,7,8,4,9,4,8,5,5,6,9,12,7,5,12,9,7,9,5,10,0,1,0,10
67,0,0,0,0,0,0,0,0,34,34,36,35,35,37,33,34,31,38,34,30,33,30,34,35,35,36,33,36,36,36,35,40,35,32,38,33,34,39,36,38,34,36,35,37,39,35,37,29,0,10,8,12,8,4,13,7,13,7,12,7,10,7,4,9,8,5,9,7,10,10,9,13,10,14,10,7,11,7,10,9,7,10,5,10,9,11,7,8,9,0,1,0,10
68,0,0,0,0,0,0,0,0,33,32,36,38,29,42,32,35,33,37,32,37,34,35,36,34,35,30,35,41,34,36,37,37,32,37,35,37,35,34,34,35,38,31,37,32,35,37,29,37,0,9,8,13,11,11,13,6,5,4,7,10,4,8,9,14,7,8,6,9,10,6,8,13,8,13,11,5,8,12,6,7,9,14,6,12,5,12,8,6,11,0,1,0,10
69,0,0,0,0,0,0,0,0,37,32,31,36,34,30,39,35,39,34,33,34,34,35,38,33,37,33,39,36,36,35,39,32,36,38,34,36,33,34,31,37,37,33,30,37,33,33,34,33,0,11,9,8,9,6,7,13,7,8,6,11,10,11,6,8,10,8,6,9,12,9,14,5,14,8,8,5,7,4,9,10,7,14,8,10,5,5,11,8,10,0,1,0,10
70,0,0,0,0,0,0,0,0,24,38,35,33,41,38,34,33,36,38,38,34,37,34,39,39,36,38,36,32,38,30,33,42,34,38,34,35,37,30,32,37,36,39,40,31,37,39,35,35,0,5,5,4,4,7,10,8,14,10,12,11,7,13,9,6,12,15,10,5,7,12,9,7,9,10,7,8,7,8,14,11,8,8,9,8,4,10,6,8,5,0,1,0,10
71,0,0,0,0,0,0,0,0,34,40,35,28,35,34,32,38,32,34,34,30,38,31,36,38,39,30,36,35,36,34,36,33,32,37,35,32,31,32,37,29,34,36,38,35,33,36,32,33,0,10,7,8,9,10,6,11,11,7,11,10,7,9,9,10,11,15,10,7,9,6,8,11,10,4,11,10,6,6,16,10,9,9,6,9,5,8,13,6,9,0,1,0,10
72,0,0,0,0,0,0,0,0,31,35,32,34,39,34,35,27,34,35,33,29,30,28,35,35,37,36,32,26,33,31,35,28,38,35,34,29,31,36,34,33,37,36,33,38,38,31,32,36,0,7,9,8,10,13,6,5,12,7,11,4,12,6,4,5,3,10,11,9,10,11,12,9,11,12,8,5,12,4,7,9,11,9,13,11,8,9,11,11,9,0,1,0,10
73,0,0,0,0,0,0,0,0,37,32,34,39,35,36,36,37,31,31,34,34,37,31,33,36,32,37,37,33,39,32,36,37,38,33,31,32,32,36,34,33,34,37,35,38,33,38,34,43,0,9,10,14,8,9,7,10,8,13,10,8,12,7,7,13,8,9,10,9,10,11,12,8,9,10,8,8,13,6,7,6,12,5,11,13,6,6,6,8,6,0,1,0,10
74,0,0,0,0,0,0,0,0,38,40,31,34,35,31,35,34,38,33,37,37,36,32,33,36,32,33,34,37,33,38,41,36,40,36,30,30,36,33,35,33,31,31,37,31,35,33,33,33,0,13,11,7,9,7,7,4,9,11,8,9,8,15,6,6,12,7,7,5,13,5,6,6,7,14,5,11,12,12,4,6,8,9,8,9,13,6,9,11,8,0,1,0,10
75,0,0,0,0,0,0,0,0,35,34,31,32,38,36,32,33,35,35,36,31,33,36,40,38,34,31,32,32,34,35,34,36,31,40,34,36,37,39,35,37,40,36,33,34,34,33,32,37,0,8,7,12,8,11,15,7,12,9,7,11,12,5,11,7,13,9,15,9,8,14,6,9,12,8,13,6,6,8,12,9,12,7,12,7,7,13,12,10,7,0,1,0,10
76,0,0,0,0,0,0,0,0,38,32,34,35,35,35,28,33,37,42,32,36,36,33,30,34,33,36,35,36,29,35,34,34,40,33,36,38,30,32,32,36,34,33,42,34,33,35,32,36,0,8,7,9,12,8,7,5,9,11,12,7,9,14,8,9,11,7,10,10,6,6,6,6,5,6,11,13,12,8,11,4,9,6,9,9,10,9,9,8,9,0,1,0,10
77,0,0,0,0,0,0,0,0,32,35,30,33,33,36,31,36,35,37,34,34,36,34,36,34,34,36,32,36,33,35,33,37,35,35,37,39,31,36,39,30,32,39,38,40,40,37,36,30,0,8,7,9,4,7,6,12,12,14,5,9,6,11,7,7,5,14,6,7,7,12,9,6,8,14,6,9,7,7,9,10,8,9,6,5,8,7,11,9,9,0,1,0,10
78,0,0,0,0,0,0,0,0,32,36,34,30,38,32,37,30,40,28,32,34,36,34,34,34,37,32,32,36,37,37,35,32,38,38,32,38,33,35,40,32,38,27,35,35,37,33,36,35,0,6,5,13,10,7,4,11,7,12,9,13,5,10,11,7,10,10,12,12,13,9,8,6,6,8,16,7,9,14,11,5,9,10,10,8,12,14,7,9,8,0,1,0,10
79,0,0,0,0,0,0,0,0,34,32,31,42,34,38,37,33,38,32,40,36,36,36,29,38,36,34,28,35,33,35,33,32,35,32,35,38,38,32,34,39,40,33,40,36,36,36,36,35,0,8,9,5,9,14,8,6,8,5,11,8,9,7,15,8,12,14,5,12,9,10,10,10,8,5,13,14,11,11,11,6,12,12,8,10,13,10,10,8,6,0,1,0,10
80,0,0,0,0,0,0,0,0,32,36,39,30,30,32,35,33,30,35,37,32,37,30,31,33,33,34,32,35,35,33,32,33,39,33,38,30,30,38,38,33,37,34,33,32,38,35,34,32,0,6,6,12,9,10,5,4,9,9,9,3,9,11,11,10,14,11,8,9,10,8,12,9,8,8,16,11,7,10,10,10,9,8,11,13,7,8,10,8,5,0,1,0,10
81,0,0,0,0,0,0,0,0,30,36,40,38,28,31,32,32,34,35,35,31,38,36,35,36,31,36,31,42,35,34,28,32,40,36,40,37,33,32,36,38,33,33,32,33,37,34,44,35,0,7,7,7,10,8,10,6,7,8,10,8,11,11,12,6,10,9,7,8,8,5,10,7,7,18,6,10,9,12,17,5,6,9,7,5,9,13,6,7,10,0,1,0,10
82,0,0,0,0,0,0,0,0,35,32,34,35,43,33,29,34,32,31,39,34,37,36,30,36,36,32,33,31,36,37,38,35,31,37,32,38,41,38,38,37,35,31,38,31,33,32,33,31,0,14,11,9,12,6,13,15,11,6,13,5,5,8,13,4,12,11,14,13,9,9,10,6,9,5,11,12,7,14,8,14,11,7,12,7,7,9,8,10,10,0,1,0,10
83,0,0,0,0,0,0,0,0,36,33,36,34,37,39,39,33,30,35,35,38,35,32,38,40,37,34,29,32,35,36,37,37,34,43,29,35,32,37,33,36,33,30,29,32,36,38,35,39,0,15,10,6,10,8,6,5,10,5,10,7,11,8,9,17,8,4,8,10,11,11,14,10,10,8,7,13,7,11,10,6,9,5,12,6,11,10,15,4,9,0,1,0,10
84,0,0,0,0,0,0,0,0,32,36,35,32,32,37,30,38,39,36,33,31,31,36,38,37,31,39,38,37,28,36,35,31,35,38,39,38,34,35,33,31,36,35,38,36,29,33,36,40,0,10,7,5,8,11,6,11,9,9,10,11,9,5,4,11,9,8,6,8,10,7,5,6,5,7,6,4,9,10,13,4,13,5,5,4,7,8,6,10,7,0,1,0,10
85,0,0,0,0,0,0,0,0,35,37,33,37,31,33,33,38,39,33,36,39,31,30,39,33,33,37,30,30,33,33,32,33,31,41,40,38,36,40,35,38,34,33,36,37,37,35,35,33,0,10,8,11,10,13,13,8,9,10,11,11,16,6,6,7,6,12,4,6,10,9,5,11,8,7,7,8,8,9,9,11,7,11,8,6,11,10,13,12,10,0,1,0,10
86,0,0,0,0,0,0,0,0,32,34,36,36,40,32,28,33,36,29,33,33,35,36,32,33,35,33,35,34,37,37,34,34,33,35,34,33,36,38,39,32,34,34,38,36,32,34,34,34,0,9,6,11,9,17,7,13,12,10,9,16,5,13,6,7,10,10,5,11,8,9,3,12,9,12,7,9,6,11,16,6,11,7,7,13,7,7,6,12,10,0,1,0,10
87,0,0,0,0,0,0,0,0,34,36,35,30,29,34,33,39,34,38,33,35,30,36,31,31,32,31,38,35,31,29,37,38,33,35,35,32,39,38,36,32,36,34,34,36,31,35,35,32,0,11,7,6,5,6,10,6,3,14,6,7,8,8,10,11,6,13,6,8,4,5,9,4,5,10,7,5,8,12,7,10,9,10,5,8,7,3,5,10,10,0,1,0,10
88,0,0,0,0,0,0,0,0,37,37,34,33,36,40,33,33,33,38,39,32,38,30,36,37,37,31,38,35,40,35,35,36,38,28,33,35,32,35,36,36,39,35,39,35,33,39,39,36,0,11,9,7,12,9,12,6,6,6,10,7,6,6,12,10,10,7,9,6,13,9,11,7,11,9,9,8,11,9,6,14,5,8,12,13,7,12,10,15,11,0,1,0,10
89,0,0,0,0,0,0,0,0,37,29,33,36,39,38,35,37,31,35,33,32,36,31,30,37,31,37,35,35,37,31,38,32,35,30,40,35,37,34,27,33,33,38,38,34,36,35,34,42,0,7,13,5,10,9,13,11,10,7,8,10,5,6,6,12,7,10,10,9,8,6,4,9,12,8,11,10,10,13,9,5,3,5,10,12,7,6,11,13,6,0,1,0,10
90,0,0,0,0,0,0,0,0,32,34,37,35,35,31,37,39,37,35,32,35,34,34,35,33,37,37,36,38,36,36,35,34,36,36,35,33,39,34,29,35,37,33,36,38,32,31,31,34,0,8,7,9,5,5,11,8,12,10,15,10,12,10,8,5,9,7,12,7,6,7,8,8,12,9,5,10,8,8,7,10,13,8,10,11,9,11,16,13,10,0,1,0,10
91,0,0,0,0,0,0,0,0,35,30,36,39,40,37,36,34,33,32,36,36,43,37,37,38,31,38,35,37,32,36,30,32,36,36,42,33,30,34,37,36,34,34,33,35,36,34,30,34,0,12,5,9,8,10,9,12,7,7,5,8,9,14,8,9,12,11,7,5,11,4,8,8,6,12,9,11,13,4,10,4,8,7,9,10,8,9,8,13,6,0,1,0,10
92,0,0,0,0,0,0,0,0,30,34,31,36,35,36,40,36,34,35,34,35,40,37,34,36,36,32,35,36,38,38,33,32,37,31,33,33,32,36,39,35,36,35,35,37,35,35,35,39,0,10,5,9,4,13,10,11,5,9,8,10,7,12,6,9,5,8,6,14,12,7,6,14,12,8,9,13,10,12,11,6,6,5,9,8,6,7,10,7,10,0,1,0,10
93,0,0,0,0,0,0,0,0,41,35,34,30,34,33,36,40,36,38,31,38,37,34,34,35,33,32,32,39,37,36,33,32,33,29,34,36,33,35,39,37,31,31,36,31,32,34,39,29,0,6,14,10,11,5,7,6,8,5,5,11,9,7,15,10,6,9,12,10,13,9,9,11,13,4,7,6,9,18,9,12,8,4,15,11,5,7,8,9,7,0,1,0,10
94,0,0,0,0,0,0,0,0,34,31,30,38,33,35,37,37,35,30,35,32,30,36,29,37,36,35,37,34,33,33,33,33,32,31,35,36,40,35,33,37,36,35,33,33,35,36,35,36,0,13,13,5,5,5,11,9,8,10,11,10,5,11,10,9,13,8,8,11,8,7,9,7,6,10,5,10,6,16,10,7,12,8,12,13,10,11,5,6,10,0,1,0,10
95,0,0,0,0,0,0,0,0,33,31,37,38,37,33,37,38,37,32,42,31,31,34,35,31,34,35,32,39,37,36,33,35,35,33,30,33,34,38,31,29,38,31,32,36,33,32,37,31,0,8,4,9,11,5,7,9,12,9,9,10,10,6,6,8,9,13,6,12,8,12,9,7,4,6,8,7,9,5,11,5,8,10,15,10,11,6,15,7,9,0,1,0,10
96,0,0,0,0,0,0,0,0,33,36,32,33,38,35,36,37,33,34,30,31,32,35,34,33,34,28,33,40,38,33,30,34,32,37,34,38,32,37,32,36,33,34,33,34,28,35,33,36,0,7,7,13,5,10,12,10,9,7,5,6,4,4,9,8,7,13,11,4,8,12,9,11,14,7,7,9,10,8,8,5,8,9,10,5,13,9,7,10,9,0,1,0,10
97,0,0,0,0,0,0,0,0,37,32,28,30,35,32,30,39,38,36,36,35,36,33,31,34,38,33,38,31,36,33,34,35,35,37,37,38,35,32,32,31,37,37,33,43,34,38,35,36,0,8,10,5,13,11,6,3,7,6,8,7,7,8,6,8,7,10,9,10,7,8,7,14,10,11,13,14,7,8,8,9,5,10,12,9,11,11,11,12,8,0,1,0,10
98,0,0,0,0,0,0,0,0,39,33,36,34,36,35,33,34,35,36,30,37,33,33,36,39,36,35,36,32,27,35,36,38,35,35,35,39,34,35,39,35,37,36,38,35,39,38,35,35,0,12,11,3,9,12,5,8,5,6,11,10,7,5,10,9,12,8,9,11,9,7,4,7,11,7,11,4,14,10,8,7,9,15,10,6,7,12,6,11,8,0,1,0,10
99,0,0,0,0,0,0,0,0,34,35,35,38,34,36,42,37,34,35,32,32,31,32,38,37,35,30,31,36,34,35,36,38,35,32,30,35,35,33,31,35,37,29,33,39,35,37,38,31,0,6,6,7,8,10,5,9,11,13,16,8,3,7,5,9,6,9,14,9,6,11,8,8,11,7,5,6,9,10,11,8,6,12,9,3,12,5,10,13,8,0,1,0,10
100,0,0,0,0,0,0,0,0,33,39,35,33,37,35,30,32,37,32,36,30,34,38,28,34,33,31,36,36,37,37,26,33,32,34,37,34,36,28,29,41,38,34,32,36,36,38,36,33,0,7,13,9,9,14,9,6,9,12,9,10,13,9,4,13,5,8,6,10,9,14,15,12,6,6,6,14,8,7,15,11,7,7,14,6,7,9,10,5,12,0,1,0,10
101,0,0,0,0,0,0,0,0,37,37,34,32,33,36,36,34,39,30,38,33,38,32,38,37,35,31,32,31,36,34,33,36,34,33,32,34,33,35,37,34,36,33,37,29,33,29,32,37,0,5,11,7,11,12,8,4,10,11,15,11,12,10,7,9,8,6,12,9,9,12,8,10,8,6,6,14,8,5,8,6,7,8,10,11,15,6,6,10,10,0,1,0,10
102,0,0,0,0,0,0,0,0,34,30,37,34,39,37,34,36,35,38,37,33,33,36,36,31,34,30,37,35,37,35,37,37,35,29,35,31,37,32,36,36,35,30,38,36,36,36,36,30,0,6,11,13,8,15,4,9,13,11,7,16,7,13,14,3,6,6,9,7,11,9,10,11,12,7,10,11,11,11,5,5,8,8,7,9,11,7,13,6,9,0,1,0,10
103,0,0,0,0,0,0,0,0,33,34,33,32,34,35,36,34,31,30,29,31,35,42,38,33,37,33,37,31,34,31,37,32,35,35,37,31,31,33,40,29,35,36,36,34,39,34,37,35,0,8,9,6,5,7,6,12,10,8,10,11,9,9,10,7,12,14,10,8,7,8,11,6,6,9,13,6,7,7,4,8,7,5,6,10,15,6,10,9,9,0,1,0,10
104,0,0,0,0,0,0,0,0,32,35,37,36,31,36,33,38,37,35,35,37,39,36,34,35,42,37,33,38,34,35,39,33,33,35,34,35,32,33,39,34,37,39,35,36,39,33,31,38,0,5,9,6,12,10,5,5,12,11,7,8,9,11,3,6,11,6,11,14,9,5,8,15,7,13,12,11,5,8,10,9,8,8,9,5,7,9,10,10,9,0,1,0,10
105,0,0,0,0,0,0,0,0,32,31,32,40,36,33,31,34,34,36,33,31,33,37,36,39,33,40,37,32,37,34,35,37,35,33,31,32,33,35,40,33,39,36,37,34,37,40,36,42,0,6,9,6,6,10,16,7,8,12,5,13,15,12,11,9,7,5,7,9,6,3,11,9,12,16,7,9,12,14,10,4,4,6,8,10,9,15,8,12,11,0,1,0,10
106,0,0,0,0,0,0,0,0,33,35,34,36,37,38,40,30,36,35,39,33,38,39,33,36,38,34,34,36,33,32,34,39,31,36,36,33,36,37,39,33,34,27,32,29,37,33,37,29,0,5,10,8,10,10,7,7,8,14,10,13,8,9,7,12,12,7,10,6,11,11,8,9,10,10,10,4,12,9,15,14,8,8,8,5,10,6,10,11,10,0,1,0,10
107,0,0,0,0,0,0,0,0,33,35,33,29,32,36,32,38,36,33,35,36,38,34,35,33,38,35,29,31,37,37,33,34,29,38,33,30,37,30,34,36,31,30,30,34,38,37,36,32,0,11,7,7,10,3,8,10,7,6,8,12,5,11,8,7,8,9,12,11,9,15,15,9,7,10,3,4,4,13,5,12,9,6,6,10,11,7,14,6,9,0,1,0,10
108,0,0,0,0,0,0,0,0,39,37,33,36,37,39,33,30,41,32,30,33,34,36,38,34,44,35,35,36,36,37,32,31,32,36,38,36,33,39,33,34,33,37,40,36,34,38,35,33,0,11,15,10,10,12,10,13,5,9,9,14,12,4,4,6,10,9,13,14,8,6,9,9,5,9,8,8,10,12,4,7,10,7,8,12,5,7,8,11,10,0,1,0,10
109,0,0,0,0,0,0,0,0,40,34,40,34,37,32,33,34,35,39,36,30,35,33,34,36,33,34,28,36,34,36,33,36,36,31,33,32,38,30,37,36,31,35,30,35,35,40,34,42,0,9,6,9,7,5,9,6,10,9,8,10,6,6,11,8,13,8,8,12,11,10,7,13,6,6,10,7,7,9,7,13,10,9,9,6,5,7,8,15,5,0,1,0,10
110,0,0,0,0,0,0,0,0,32,33,28,35,33,31,34,33,34,34,36,36,37,35,37,39,32,37,28,32,37,33,36,40,32,37,35,36,37,34,29,36,34,40,33,36,33,34,41,33,0,4,6,9,5,7,5,12,5,3,9,8,13,9,7,6,7,11,5,10,7,7,14,10,9,6,9,6,7,7,8,13,5,6,9,11,8,7,4,8,7,0,1,0,10
111,0,0,0,0,0,0,0,0,30,29,40,30,38,34,39,35,35,37,41,30,33,35,37,34,31,37,33,40,36,29,38,34,41,35,37,38,34,31,32,34,38,31,36,35,31,33,31,38,0,5,5,7,11,7,11,10,5,7,6,14,6,10,7,9,6,11,10,7,11,10,8,11,6,13,7,11,13,5,12,5,9,7,11,10,9,7,11,4,13,0,1,0,10
112,0,0,0,0,0,0,0,0,35,39,34,37,33,33,31,36,35,30,41,36,32,32,32,32,36,37,33,32,32,34,31,36,39,37,37,39,38,31,37,35,37,34,36,33,37,37,35,33,0,8,6,9,10,5,4,7,10,7,8,10,8,7,7,10,10,6,13,9,11,8,4,4,12,12,6,11,10,12,9,8,15,7,6,11,12,5,8,9,14,0,1,0,10
113,0,0,0,0,0,0,0,0,41,37,35,37,35,32,37,39,36,33,35,32,32,32,35,34,35,36,38,31,38,32,38,34,31,35,37,35,33,30,34,36,34,31,35,43,36,36,33,34,0,9,11,14,12,7,14,10,7,6,9,13,7,8,9,7,8,6,8,10,7,8,15,7,8,10,8,7,9,6,9,7,10,8,11,11,10,11,12,13,10,0,1,0,10
114,0,0,0,0,0,0,0,0,33,40,35,38,34,34,31,38,36,40,31,36,35,35,31,34,30,34,40,33,39,33,35,35,36,33,36,32,37,37,35,35,33,35,36,37,32,39,33,30,0,12,9,8,9,7,16,11,14,7,12,7,7,11,12,12,12,4,9,13,10,10,11,14,5,5,14,12,10,7,12,11,8,4,15,7,7,17,8,5,4,0,1,0,10
115,0,0,0,0,0,0,0,0,34,34,35,38,32,34,35,31,33,32,34,40,35,34,36,35,36,34,37,37,31,34,37,35,36,31,34,39,30,34,33,38,27,29,35,36,33,36,33,30,0,9,12,7,6,6,9,4,7,12,11,12,6,6,6,4,17,8,6,8,6,12,11,9,9,7,13,7,11,7,7,7,7,6,10,7,8,14,9,12,5,0,1,0,10
116,0,0,0,0,0,0,0,0,32,33,35,32,35,35,31,37,35,39,37,40,32,34,32,36,33,33,32,32,34,37,33,35,36,35,38,40,34,33,34,38,29,35,32,38,35,34,39,33,0,4,7,12,6,9,7,10,9,13,8,5,13,6,8,3,8,14,6,9,7,5,11,10,9,7,11,11,6,5,9,9,11,10,6,10,10,8,5,6,7,0,1,0,10
117,0,0,0,0,0,0,0,0,34,36,38,35,34,31,38,40,34,34,36,33,34,35,29,33,32,36,37,39,33,38,35,35,34,42,36,33,37,30,36,39,36,37,36,39,34,30,34,34,0,9,10,10,9,10,5,4,15,10,13,9,8,8,9,8,8,8,10,8,7,5,7,7,6,10,13,6,9,15,6,10,12,9,9,10,10,10,9,4,11,0,1,0,10
118,0,0,0,0,0,0,0,0,38,34,40,38,28,38,36,37,34,34,30,34,33,37,33,36,29,38,32,31,31,35,36,37,36,34,36,32,33,35,30,39,36,37,33,33,36,36,37,36,0,13,8,17,7,9,10,5,5,6,5,10,14,12,9,12,6,9,8,6,5,10,9,8,7,8,6,11,12,4,6,6,7,8,4,6,8,8,11,6,13,0,1,0,10
119,0,0,0,0,0,0,0,0,39,37,33,37,34,33,30,35,37,32,31,34,31,34,35,36,37,36,32,36,33,35,31,36,37,38,39,32,36,35,38,32,37,29,33,34,34,34,33,34,0,8,10,8,12,6,7,9,13,10,9,6,12,9,7,8,8,13,8,8,9,3,9,10,5,11,7,11,12,5,10,14,11,9,16,8,4,10,9,9,6,0,1,0,10
120,0,0,0,0,0,0,0,0,35,33,33,36,36,35,36,33,31,29,36,34,37,32,34,35,37,34,40,35,35,34,28,38,37,31,37,36,34,35,31,39,33,37,34,32,30,35,41,32,0,6,10,9,6,13,7,9,9,7,7,8,14,11,14,16,10,11,13,5,6,13,6,10,6,11,7,12,8,10,8,9,11,4,10,8,9,4,4,6,7,0,1,0,10
121,0,0,0,0,0,0,0,0,33,33,28,38,38,32,36,34,32,33,35,34,38,31,33,35,38,35,35,35,37,37,38,34,37,35,32,36,34,35,39,34,32,32,36,32,35,37,41,38,0,9,5,11,10,11,10,7,8,6,9,8,7,9,13,7,4,9,13,11,10,5,11,5,5,6,11,11,5,14,3,11,8,10,10,4,4,6,15,11,9,0,1,0,10
122,0,0,0,0,0,0,0,0,37,34,35,40,33,30,33,29,37,30,36,33,33,35,36,35,33,36,37,33,31,37,35,36,38,37,32,32,36,35,35,36,29,40,33,32,38,33,32,35,0,14,9,5,11,8,6,10,15,11,8,5,9,8,6,9,9,5,7,8,4,9,4,9,11,10,7,16,7,7,4,9,13,11,7,5,6,10,11,9,4,0,1,0,10
123,0,0,0,0,0,0,0,0,35,36,36,31,39,40,32,40,37,38,35,36,35,33,35,37,42,36,40,36,28,34,33,33,35,38,37,40,36,33,34,35,31,34,38,38,34,34,28,34,0,13,16,7,6,9,12,10,11,9,12,9,8,14,12,11,12,12,14,5,8,6,10,5,10,10,7,8,7,6,12,10,9,10,11,6,7,9,7,7,7,0,1,0,10
124,0,0,0,0,0,0,0,0,35,37,36,32,31,38,38,31,34,31,37,29,35,37,36,37,34,31,36,35,41,32,31,33,34,34,32,38,34,35,39,36,34,31,32,37,35,30,29,37,0,16,15,10,10,6,9,8,5,7,7,9,11,7,10,9,8,8,9,8,8,11,13,7,13,8,7,11,8,7,4,12,9,8,7,6,10,3,7,12,9,0,1,0,10
125,0,0,0,0,0,0,0,0,36,34,30,33,37,36,31,36,33,34,36,36,33,33,37,39,34,36,39,34,28,36,35,35,35,29,36,31,34,34,37,30,28,34,35,37,37,32,32,32,0,10,10,8,7,7,9,14,8,11,10,6,7,11,10,4,11,11,7,12,12,9,5,7,9,10,10,7,10,5,11,9,9,15,3,7,5,7,13,10,9,0,1,0,10
126,0,0,0,0,0,0,0,0,38,35,36,39,32,31,34,33,34,35,34,34,35,32,32,36,35,35,35,32,37,37,38,33,31,38,35,31,34,34,41,29,36,36,35,31,35,32,38,37,0,13,5,12,13,12,12,7,10,4,9,10,6,9,7,6,11,8,4,12,7,9,9,12,6,6,7,13,8,9,8,9,8,4,14,9,6,6,7,7,10,0,1,0,10
127,0,0,0,0,0,0,0,0,30,33,35,30,33,35,34,32,34,37,31,37,36,31,35,40,32,29,30,33,38,33,36,32,39,34,37,34,32,33,38,33,33,37,34,37,35,38,36,33,0,6,12,9,6,5,12,6,8,9,8,6,15,13,12,11,4,11,12,6,5,9,8,12,8,9,8,8,17,7,8,8,6,11,8,7,6,8,6,7,12,0,1,0,10
128,0,0,0,0,0,0,0,0,38,37,31,37,31,32,38,30,36,32,31,33,34,35,41,32,40,35,35,33,38,34,38,34,35,31,35,34,32,41,39,30,39,28,38,37,36,40,33,32,0,6,5,10,11,7,10,10,9,13,9,14,9,10,12,9,8,8,11,8,12,11,15,13,11,6,10,7,8,9,5,5,4,16,10,9,11,13,9,12,7,0,1,0,10
129,0,0,0,0,0,0,0,0,33,34,35,29,32,34,35,38,30,36,33,35,30,34,34,30,32,30,33,37,34,43,34,33,36,34,36,34,37,38,36,34,37,33,40,40,29,33,33,40,0,12,13,13,5,12,9,7,8,5,7,9,7,8,9,10,4,9,6,5,7,11,6,10,10,10,9,9,10,8,7,8,9,11,8,12,4,12,6,5,8,0,1,0,10
130,0,0,0,0,0,0,0,0,36,36,32,33,38,31,35,37,32,38,39,32,40,36,32,35,32,30,36,35,32,32,29,35,33,27,36,32,30,33,37,40,33,36,34,37,34,36,32,35,0,10,6,7,7,11,4,16,7,8,12,5,5,11,11,12,9,11,10,6,10,14,6,10,12,5,14,10,10,8,4,8,4,7,8,4,10,13,9,7,8,0,1,0,10
131,0,0,0,0,0,0,0,0,30,36,37,33,35,31,40,35,31,39,37,33,31,34,33,31,32,35,33,36,31,40,33,37,34,30,38,34,29,39,35,27,34,37,38,37,29,34,34,35,0,4,5,15,10,12,4,15,15,11,10,8,7,5,8,7,8,9,9,10,6,5,9,4,10,4,17,12,4,14,4,9,6,7,13,10,6,5,8,3,8,0,1,0,10
132,0,0,0,0,0,0,0,0,36,37,35,32,37,40,38,40,38,36,35,34,33,34,35,37,31,28,34,36,29,36,35,32,33,33,34,32,35,35,32,41,37,39,34,34,31,34,34,34,0,11,8,7,12,10,8,12,11,8,10,12,5,8,10,8,6,12,5,9,8,6,8,7,7,6,7,6,10,9,9,11,8,9,8,10,11,7,6,7,9,0,1,0,10
133,0,0,0,0,0,0,0,0,29,38,34,36,32,33,41,36,35,31,32,36,34,32,34,32,32,35,36,34,34,34,35,34,39,28,37,38,32,34,32,34,35,37,36,37,33,29,33,38,0,7,9,8,11,3,3,9,11,4,9,8,12,6,13,11,14,14,14,4,8,9,13,11,14,13,5,7,13,13,3,9,11,9,10,7,4,10,14,9,6,0,1,0,10
134,0,0,0,0,0,0,0,0,30,34,38,34,38,34,35,34,36,33,36,28,38,40,34,37,32,38,34,34,37,39,37,35,33,31,32,33,37,38,32,38,35,42,32,36,37,34,37,30,0,10,9,7,8,9,12,7,9,10,5,9,11,8,12,9,6,9,6,17,6,9,13,13,7,5,7,9,4,13,6,7,13,6,8,10,8,10,13,9,6,0,1,0,10
135,0,0,0,0,0,0,0,0,32,37,34,37,36,33,30,33,33,30,38,35,37,33,33,35,36,34,38,33,34,34,35,35,32,34,35,35,38,35,35,32,32,35,31,39,35,38,34,35,0,4,9,13,9,13,7,9,9,6,8,7,11,7,9,9,8,12,11,5,9,7,8,5,14,12,8,11,14,7,10,6,9,7,8,9,7,7,8,11,9,0,1,0,10
136,0,0,0,0,0,0,0,0,39,30,36,31,31,32,33,34,33,32,32,31,34,34,32,39,30,35,36,35,31,36,33,37,34,33,36,39,29,32,32,35,33,36,41,35,35,33,35,31,0,12,10,11,7,8,5,7,11,5,11,7,5,5,11,7,10,6,8,9,8,10,8,6,5,7,8,5,13,6,4,8,7,5,7,5,6,12,10,10,6,0,1,0,10
137,0,0,0,0,0,0,0,0,32,37,31,32,32,36,35,41,35,33,37,40,35,36,35,39,35,31,35,37,37,34,36,35,36,34,30,34,35,36,39,38,32,34,34,34,31,34,35,34,0,9,11,7,6,6,4,7,15,11,8,8,9,10,7,8,10,9,11,9,7,10,13,12,11,15,8,9,12,5,11,10,11,5,8,14,5,9,10,7,9,0,1,0,10
138,0,0,0,0,0,0,0,0,37,32,33,37,35,33,30,35,32,34,35,40,37,37,38,34,40,33,34,35,37,37,34,44,33,34,30,37,37,34,39,38,35,38,35,36,31,32,35,34,0,10,7,8,6,8,8,10,7,9,8,8,9,15,11,6,9,12,9,9,7,12,11,13,11,9,9,10,11,15,9,12,13,8,8,6,7,7,9,9,9,0,1,0,10
139,0,0,0,0,0,0,0,0,33,39,34,32,35,36,34,33,35,32,36,35,31,29,39,34,35,36,38,32,31,33,37,41,35,33,34,34,35,31,34,37,37,34,31,35,31,35,39,35,0,6,6,9,12,7,8,12,12,13,9,8,7,4,12,14,8,10,7,11,7,4,6,13,6,12,17,12,6,7,8,10,5,13,10,7,12,11,10,4,8,0,1,0,10
140,0,0,0,0,0,0,0,0,39,31,34,35,41,31,38,33,35,33,33,37,35,32,34,32,32,36,35,37,37,39,34,31,31,33,33,36,36,38,35,27,36,39,33,36,37,38,34,34,0,11,7,14,13,10,10,6,14,13,13,11,5,13,10,8,9,7,9,4,3,7,9,9,15,7,9,7,6,7,8,15,7,9,7,13,9,15,13,15,5,0,1,0,10
141,0,0,0,0,0,0,0,0,37,39,33,35,35,36,32,40,36,38,35,28,34,38,35,35,36,28,33,39,38,35,27,32,37,35,35,32,35,34,30,35,38,34,35,32,40,37,34,37,0,9,8,3,11,8,9,10,15,8,8,15,13,5,9,6,10,12,10,8,9,7,12,13,7,17,10,4,10,11,9,5,10,17,7,9,8,16,8,6,9,0,1,0,10
142,0,0,0,0,0,0,0,0,36,37,41,40,28,31,30,35,34,37,32,36,37,31,33,34,32,35,36,37,31,36,36,36,34,32,35,39,36,34,35,39,34,36,38,34,36,33,31,34,0,12,11,12,5,10,10,5,6,7,8,9,5,13,7,11,4,9,10,7,12,11,7,7,7,8,8,7,9,7,10,8,8,12,9,6,8,8,9,8,8,0,1,0,10
143,0,0,0,0,0,0,0,0,38,29,34,34,37,33,34,32,35,35,40,29,31,30,36,41,33,38,36,36,44,34,34,35,34,35,38,35,35,37,33,29,30,38,37,33,35,29,36,33,0,14,10,5,9,10,9,9,7,10,10,6,12,6,7,7,4,9,5,6,7,8,11,13,12,6,12,10,7,9,6,11,8,6,8,8,6,11,7,11,14,0,1,0,10
144,0,0,0,0,0,0,0,0,32,32,32,33,32,35,33,35,29,36,37,35,31,27,42,38,38,33,34,37,38,35,31,38,34,36,32,36,34,31,39,36,33,32,31,36,31,34,34,34,0,5,7,8,9,9,6,9,12,4,10,4,8,8,12,5,5,13,12,10,9,12,10,5,10,14,4,9,11,6,8,8,6,9,5,9,10,14,12,6,4,0,1,0,10
145,0,0,0,0,0,0,0,0,34,39,37,27,32,35,33,38,39,33,34,35,34,33,32,34,33,30,36,34,33,34,36,34,38,34,35,32,38,33,32,36,32,40,32,37,38,37,38,38,0,10,3,7,9,14,8,14,6,8,13,17,9,7,12,7,4,6,5,10,6,9,9,5,9,7,6,11,4,12,7,4,11,7,11,10,12,5,13,8,6,0,1,0,10
146,0,0,0,0,0,0,0,0,32,33,38,36,30,36,36,36,35,35,35,33,35,35,31,35,29,38,31,33,33,34,33,32,39,33,36,38,35,40,36,31,37,36,36,33,39,35,32,37,0,8,7,6,6,9,6,10,6,11,6,8,8,13,9,12,14,8,11,4,11,8,3,11,8,14,8,10,9,11,11,7,9,10,5,11,14,8,9,6,8,0,1,0,10
147,0,0,0,0,0,0,0,0,40,34,37,36,35,38,35,34,35,37,37,29,38,30,35,33,36,32,37,32,37,28,36,29,35,34,33,36,35,35,36,40,36,34,32,37,36,37,38,44,0,7,9,7,12,12,7,12,12,5,9,13,6,15,8,11,3,9,9,7,7,10,10,7,6,11,5,11,13,9,9,8,6,4,11,11,13,14,8,10,10,0,1,0,10
148,0,0,0,0,0,0,0,0,33,34,34,37,38,30,27,29,32,35,33,37,33,36,33,35,33,33,31,38,34,34,36,30,37,33,34,35,40,37,34,33,36,31,35,35,35,32,39,34,0,6,9,5,8,9,6,15,13,9,9,12,6,8,6,9,11,7,16,7,5,9,10,7,12,10,10,12,8,10,10,11,7,7,15,6,11,9,14,5,9,0,1,0,10
149,0,0,0,0,0,0,0,0,31,34,36,35,37,34,34,38,33,35,37,37,33,30,36,30,36,38,35,36,35,38,37,38,33,32,35,36,34,34,32,31,36,28,35,35,31,33,35,38,0,13,5,10,8,5,10,9,7,6,7,8,8,13,7,9,7,11,5,4,12,7,12,8,9,12,9,11,12,11,11,7,7,9,11,9,7,11,12,10,7,0,1,0,10
150,0,0,0,0,0,0,0,0,33,34,30,29,31,34,32,36,31,37,34,34,34,38,36,36,34,38,34,35,29,30,36,30,38,34,31,35,28,35,33,33,34,30,39,34,34,40,35,34,0,7,10,10,8,9,9,6,11,8,4,11,8,9,7,11,9,11,9,5,9,8,5,3,8,12,12,4,10,7,5,5,9,8,5,10,8,9,7,5,5,0,1,0,10
151,0,0,0,0,0,0,0,0,34,35,34,35,36,35,36,32,29,28,36,32,31,32,39,29,38,36,34,31,33,31,38,37,37,35,33,40,29,32,37,31,34,31,35,34,35,37,37,34,0,8,9,4,7,10,8,8,11,5,9,4,4,9,8,9,11,9,11,7,12,6,10,6,12,8,9,10,10,4,9,13,11,8,11,10,5,9,9,8,13,0,1,0,10
152,0,0,0,0,0,0,0,0,30,38,37,37,43,39,38,37,35,39,32,31,35,31,33,33,37,33,37,36,38,29,34,37,35,33,37,33,36,38,31,37,31,38,33,32,31,33,37,34,0,10,8,9,9,10,10,14,9,5,12,6,6,9,7,9,7,8,13,12,6,10,12,10,9,9,12,9,4,7,12,7,13,8,8,5,8,5,3,9,6,0,1,0,10
153,0,0,0,0,0,0,0,0,32,33,38,37,40,36,37,33,31,33,30,38,37,37,31,36,33,35,30,43,41,32,34,34,40,29,33,37,38,35,33,35,31,38,37,31,41,38,34,36,0,8,6,9,7,5,9,12,11,7,9,5,11,8,9,14,7,7,12,12,8,14,7,7,10,10,14,13,12,11,3,8,11,8,7,5,6,15,7,8,11,0,1,0,10
154,0,0,0,0,0,0,0,0,34,35,35,32,34,35,36,37,34,40,29,34,37,37,33,33,40,34,36,34,36,39,35,33,37,37,34,32,33,33,39,32,36,34,31,33,36,33,32,38,0,8,5,6,6,9,8,11,13,5,7,8,8,13,11,9,3,9,10,13,12,8,8,7,12,8,8,10,6,4,7,8,4,10,6,9,9,11,8,5,7,0,1,0,10
155,0,0,0,0,0,0,0,0,32,32,38,31,36,40,30,33,35,32,28,34,34,34,36,39,37,32,35,30,34,33,36,28,36,38,38,38,32,38,33,37,31,39,34,32,38,29,35,37,0,8,5,8,9,14,9,8,12,11,7,12,9,6,9,4,7,13,7,5,12,4,14,12,11,9,6,8,12,11,6,6,8,10,7,7,4,12,12,3,9,0,1,0,10
156,0,0,0,0,0,0,0,0,35,37,33,31,34,28,38,38,33,35,34,36,34,28,35,36,33,37,35,29,34,33,36,33,36,36,30,33,38,37,34,33,38,35,29,35,29,40,37,33,0,9,11,7,9,6,10,8,8,8,10,6,8,9,13,14,5,6,11,6,4,8,11,6,14,11,9,9,12,13,8,12,13,11,10,8,9,5,9,6,10,0,1,0,10
157,0,0,0,0,0,0,0,0,40,35,32,35,35,39,35,31,34,37,31,39,37,40,39,37,33,40,33,37,34,32,34,36,38,32,39,33,29,36,34,32,36,36,33,32,37,34,32,36,0,4,10,15,9,12,13,5,6,5,11,8,13,6,13,4,7,4,12,4,10,5,11,5,7,9,10,8,9,5,6,6,11,11,5,9,11,7,7,5,10,0,1,0,10
158,0,0,0,0,0,0,0,0,34,30,37,36,28,37,36,35,34,38,33,35,35,36,32,38,31,33,41,32,37,36,34,33,36,32,38,35,35,38,36,37,34,32,34,34,35,38,36,31,0,13,7,6,9,5,7,9,8,9,16,9,4,6,5,7,8,10,4,14,8,5,13,6,7,11,12,12,8,5,6,11,5,6,11,7,9,5,10,9,13,0,1,0,10
159,0,0,0,0,0,0,0,0,36,33,33,39,32,34,33,35,34,37,34,39,36,32,32,35,30,33,35,32,36,37,35,37,36,32,38,40,33,37,38,39,37,35,31,36,35,33,33,29,0,9,10,5,10,8,9,9,7,6,7,7,9,13,6,3,12,7,5,13,11,12,8,12,12,14,9,7,9,7,5,8,14,7,11,10,14,4,7,14,10,0,1,0,10
160,0,0,0,0,0,0,0,0,32,34,37,33,32,36,38,28,36,35,34,35,36,39,35,37,31,34,26,32,36,36,34,31,27,33,32,33,35,40,33,35,29,35,35,32,33,30,33,32,0,10,7,11,10,6,4,11,9,9,7,11,9,14,8,10,10,10,6,6,11,13,10,7,7,5,6,6,7,11,9,3,15,6,9,6,8,10,6,10,6,0,1,0,10
161,0,0,0,0,0,0,0,0,38,34,32,37,33,30,34,39,40,36,32,38,32,34,36,30,28,34,32,33,35,32,31,33,34,33,35,36,36,34,31,37,32,33,37,33,36,27,39,36,0,9,12,14,11,13,9,11,9,13,10,7,6,13,5,10,9,4,5,10,13,7,5,5,7,9,9,11,5,11,11,7,7,8,5,7,8,9,11,15,8,0,1,0,10
162,0,0,0,0,0,0,0,0,34,36,37,34,39,37,34,33,35,30,35,34,34,36,36,34,32,35,34,29,33,41,34,34,31,35,32,36,34,32,37,31,34,35,38,37,29,35,33,33,0,10,12,9,6,7,7,7,10,13,7,14,6,8,8,11,12,5,6,5,5,10,9,12,7,6,6,7,10,9,10,8,11,9,6,9,10,4,10,6,13,0,1,0,10
163,0,0,0,0,0,0,0,0,36,32,30,33,34,38,32,37,28,33,31,36,36,37,35,36,38,35,34,36,35,38,31,39,36,36,34,34,35,35,35,35,38,40,32,36,39,33,38,38,0,15,8,11,12,12,10,15,11,9,4,10,9,4,12,5,9,12,8,6,7,9,13,11,13,9,14,8,7,6,7,10,11,12,8,12,6,7,7,11,15,0,1,0,10
164,0,0,0,0,0,0,0,0,34,31,34,37,35,28,32,33,37,33,33,37,32,32,38,34,35,33,32,34,37,31,33,41,37,33,33,28,36,39,32,34,37,38,35,35,39,31,34,34,0,10,9,9,5,7,9,7,11,8,7,10,9,7,14,9,7,10,3,4,10,12,4,12,6,11,4,12,10,13,8,7,11,13,17,11,6,12,9,14,6,0,1,0,10
165,0,0,0,0,0,0,0,0,33,34,30,32,35,35,32,37,35,39,37,40,33,37,35,35,36,39,39,38,33,36,30,33,33,36,35,32,35,33,36,33,32,35,27,36,33,30,33,35,0,5,8,6,9,10,13,8,7,8,9,8,4,9,10,8,4,9,7,11,12,7,7,9,10,8,9,4,6,8,8,10,8,6,9,10,9,8,10,5,10,0,1,0,10
166,0,0,0,0,0,0,0,0,37,33,40,37,31,35,36,33,38,38,39,37,36,34,29,34,37,34,34,37,37,35,30,35,33,36,36,33,34,38,29,34,37,37,35,34,32,33,40,33,0,6,7,12,9,9,13,9,3,8,10,12,6,7,8,11,4,5,9,13,7,10,10,12,7,7,9,9,8,9,11,10,4,11,11,14,8,10,9,9,7,0,1,0,10
167,0,0,0,0,0,0,0,0,35,32,39,31,40,39,31,35,34,38,39,31,37,36,34,35,30,31,37,35,33,33,41,37,35,34,33,36,35,36,40,36,36,33,34,35,35,35,35,36,0,7,5,10,9,11,9,5,12,15,7,12,4,12,13,12,10,11,8,11,4,10,12,12,5,10,13,5,10,8,10,7,9,6,7,8,9,5,7,13,5,0,1,0,10
168,0,0,0,0,0,0,0,0,32,38,35,37,34,35,33,37,34,31,36,37,36,31,38,38,34,33,32,30,34,37,38,33,35,33,31,32,32,32,35,34,33,33,32,39,36,33,35,34,0,6,7,10,9,9,11,5,9,8,7,9,10,11,9,15,11,6,8,8,8,9,9,8,13,6,12,7,7,5,4,4,5,5,7,8,8,10,5,9,11,0,1,0,10
169,0,0,0,0,0,0,0,0,38,35,36,29,33,31,37,36,37,37,36,35,35,36,31,37,36,34,33,38,36,40,37,33,38,35,35,32,34,34,33,36,37,33,39,34,37,39,35,35,0,10,9,12,9,6,11,5,9,12,9,15,8,12,7,11,8,4,14,8,12,11,11,7,10,10,5,11,12,11,9,6,12,10,12,8,12,10,3,6,9,0,1,0,10
170,0,0,0,0,0,0,0,0,33,32,30,34,35,33,34,31,36,32,36,37,38,35,36,35,33,41,36,31,34,36,30,35,34,41,33,37,38,35,34,39,38,34,37,32,34,33,36,36,0,9,8,4,12,12,6,5,9,8,12,6,9,9,7,8,12,8,6,5,9,15,10,7,7,6,13,12,15,8,11,10,13,9,5,5,10,8,14,7,13,0,1,0,10
171,0,0,0,0,0,0,0,0,35,32,34,35,42,33,32,35,35,33,39,38,41,38,39,37,34,37,34,34,34,31,34,39,34,36,37,35,40,30,31,33,39,32,32,35,32,34,38,36,0,4,9,5,10,9,6,14,13,14,7,10,6,11,13,15,10,9,11,12,10,6,8,11,14,7,4,7,8,8,5,7,8,16,6,12,11,12,5,12,4,0,1,0,10
172,0,0,0,0,0,0,0,0,35,33,30,33,31,33,37,39,38,31,35,38,33,33,36,37,32,38,34,33,34,34,33,31,37,32,29,39,38,35,33,37,35,37,37,39,35,38,35,34,0,7,13,9,12,8,9,8,5,6,11,13,7,9,7,6,8,6,8,4,11,13,9,7,16,9,9,6,11,8,9,10,9,11,13,9,10,13,12,5,7,0,1,0,10
173,0,0,0,0,0,0,0,0,35,39,31,36,36,32,36,37,40,31,32,34,33,35,36,33,39,35,36,36,36,33,34,30,33,34,36,36,35,34,27,36,39,39,31,35,33,34,32,33,0,8,10,8,7,6,10,8,8,6,14,10,10,7,4,9,9,5,15,6,4,4,11,8,5,8,8,4,7,11,10,7,8,13,7,13,11,9,6,13,5,0,1,0,10
174,0,0,0,0,0,0,0,0,36,35,33,35,33,33,35,36,32,35,40,35,34,32,39,33,35,37,34,33,34,39,33,28,36,32,36,27,35,37,35,31,32,37,30,33,32,39,31,35,0,8,9,12,5,10,9,11,8,6,7,11,6,6,12,12,8,7,13,12,8,12,8,9,9,9,10,10,8,6,7,10,10,16,6,6,5,7,12,9,7,0,1,0,10
175,0,0,0,0,0,0,0,0,35,37,35,36,36,40,32,33,35,41,35,35,31,33,38,37,34,35,30,38,34,37,31,29,35,38,36,39,36,32,31,31,34,34,33,34,36,31,39,39,0,11,7,9,6,11,6,17,12,8,14,8,8,13,8,6,5,7,12,10,11,13,5,6,11,6,9,6,9,7,5,8,10,9,12,7,11,7,10,14,10,0,1,0,10
176,0,0,0,0,0,0,0,0,31,29,35,33,33,36,34,35,39,34,35,27,34,36,39,35,37,31,38,38,34,36,32,36,35,34,32,38,35,36,36,34,35,34,28,34,35,32,37,34,0,5,7,6,9,8,5,7,9,7,10,5,10,4,11,6,13,7,11,15,15,11,7,3,5,5,11,10,9,7,6,11,9,7,6,13,8,10,4,9,8,0,1,0,10
177,0,0,0,0,0,0,0,0,32,38,40,33,31,31,33,33,40,33,33,36,34,33,35,35,36,33,37,34,39,33,32,31,39,36,33,33,39,38,38,39,34,36,37,34,28,33,32,41,0,13,10,9,12,10,9,8,8,7,6,12,7,6,10,3,8,9,10,10,7,9,9,12,9,16,7,9,13,5,14,4,11,8,7,9,4,5,4,9,5,0,1,0,10
178,0,0,0,0,0,0,0,0,29,30,34,32,34,32,36,35,31,35,37,34,37,33,27,33,33,39,39,40,36,32,34,34,30,32,36,36,40,35,34,34,33,30,37,33,40,33,35,34,0,8,9,12,3,9,11,7,9,7,10,12,5,12,7,6,5,6,6,6,10,7,14,15,6,3,7,11,9,6,11,12,8,7,12,4,9,9,3,10,7,0,1,0,10
179,0,0,0,0,0,0,0,0,39,34,31,41,33,31,36,32,37,31,32,35,33,35,36,33,33,37,30,31,35,34,30,35,34,36,35,35,31,30,34,38,34,36,38,36,34,35,36,36,0,9,11,11,14,11,13,9,9,5,11,13,9,9,9,9,6,7,8,4,7,6,12,11,10,9,9,4,8,11,12,5,9,9,11,6,5,11,13,7,10,0,1,0,10
180,0,0,0,0,0,0,0,0,35,40,28,36,38,33,38,36,33,35,37,27,33,38,38,39,33,37,33,35,33,34,28,33,31,27,34,35,34,34,34,29,37,34,33,36,37,36,31,36,0,8,6,7,7,14,10,7,6,12,6,11,7,7,7,6,13,12,11,8,6,8,6,6,15,10,14,6,10,5,6,7,11,6,5,11,9,8,8,8,10,0,1,0,10
181,0,0,0,0,0,0,0,0,37,32,37,39,38,37,38,38,36,36,38,39,36,37,32,32,34,42,36,34,32,38,31,32,36,30,35,36,34,32,35,36,33,40,36,33,34,36,34,33,0,13,6,11,7,10,5,3,11,3,5,7,9,11,15,8,7,12,11,7,8,7,5,6,10,9,9,7,12,6,11,12,4,9,14,13,10,7,12,6,3,0,1,0,10
182,0,0,0,0,0,0,0,0,29,31,31,35,40,32,33,30,36,37,36,29,37,35,34,37,30,37,34,38,38,36,36,36,37,38,36,35,32,32,31,33,29,32,34,36,33,36,32,39,0,7,5,3,8,10,11,10,7,8,8,10,8,9,7,7,5,3,6,9,11,14,5,12,8,10,15,11,11,12,8,10,12,7,7,9,11,9,5,9,9,0,1,0,10
183,0,0,0,0,0,0,0,0,36,37,32,33,35,37,32,33,40,33,36,36,33,38,33,34,34,36,39,33,35,35,33,36,38,33,34,35,30,37,33,38,31,37,34,32,35,38,34,34,0,7,8,10,12,4,11,11,5,11,11,10,5,8,6,12,5,12,11,14,9,8,7,10,8,7,9,10,9,4,9,11,5,5,9,6,4,10,5,9,10,0,1,0,10
184,0,0,0,0,0,0,0,0,32,34,33,37,37,33,39,34,39,38,34,31,29,36,35,39,35,40,31,33,28,31,35,36,34,32,34,35,33,30,33,34,33,34,34,38,32,32,32,30,0,6,10,5,5,5,7,10,11,9,9,7,8,10,6,8,9,9,10,9,3,7,9,7,10,7,11,11,9,7,8,13,7,11,10,7,10,9,9,8,9,0,1,0,10
185,0,0,0,0,0,0,0,0,34,37,34,35,37,40,35,34,38,42,33,36,33,30,41,28,36,30,34,42,38,31,38,32,41,36,36,34,33,36,36,36,36,33,36,36,36,38,39,37,0,8,9,12,8,12,14,9,13,8,11,8,8,13,6,11,9,8,7,6,7,11,12,7,10,6,7,13,9,5,5,7,11,9,3,7,10,8,9,7,9,0,1,0,10
186,0,0,0,0,0,0,0,0,37,40,31,33,31,34,37,35,39,37,37,33,34,35,30,30,36,38,36,33,34,33,39,33,30,29,34,36,35,34,29,36,31,36,38,29,40,38,34,31,0,7,12,12,8,7,6,8,6,11,12,12,13,6,10,10,9,13,11,4,12,8,10,7,6,5,4,11,5,7,12,7,4,6,6,6,7,12,10,11,9,0,1,0,10
187,0,0,0,0,0,0,0,0,35,37,33,33,36,32,34,37,36,35,31,39,38,32,35,33,37,35,33,34,37,29,33,35,36,30,30,33,37,37,33,32,32,38,35,37,36,31,34,32,0,13,6,6,5,8,14,7,9,8,9,13,13,10,10,10,11,11,11,9,9,11,8,6,5,8,8,8,10,10,10,16,11,10,8,9,12,7,9,10,4,0,1,0,10
188,0,0,0,0,0,0,0,0,29,31,35,38,34,40,35,40,33,35,35,38,35,38,37,32,34,39,33,39,36,41,37,32,38,28,35,33,32,36,37,33,36,34,37,35,38,33,37,33,0,7,3,9,10,7,6,6,10,13,9,8,9,5,10,8,6,5,8,12,4,9,11,8,9,9,10,10,9,8,6,6,12,11,8,10,9,10,11,8,6,0,1,0,10
189,0,0,0,0,0,0,0,0,31,35,34,36,37,33,32,34,41,33,34,30,40,42,36,34,35,41,37,36,34,39,37,40,34,30,35,33,32,30,37,37,37,35,34,30,33,33,36,32,0,9,6,12,9,12,10,9,13,9,10,11,8,13,10,12,8,11,6,9,8,12,13,11,8,8,10,10,7,6,5,10,16,6,11,11,9,10,12,9,9,0,1,0,10
190,0,0,0,0,0,0,0,0,37,33,34,32,40,36,28,33,32,33,38,38,33,36,37,36,32,41,29,36,37,35,34,37,34,36,38,39,31,33,37,32,34,33,31,31,39,36,34,34,0,15,9,9,10,9,15,10,13,5,5,7,7,10,10,10,8,12,11,13,8,8,8,6,5,7,3,10,6,9,8,7,8,8,10,14,9,7,8,10,11,0,1,0,10
191,0,0,0,0,0,0,0,0,38,35,34,36,35,39,35,31,35,33,33,32,34,36,31,34,31,33,40,34,28,31,34,37,37,34,36,31,36,30,33,35,33,33,36,34,37,37,36,40,0,7,11,8,12,3,10,10,8,12,12,8,11,8,8,5,12,8,8,8,6,11,9,4,5,8,8,8,11,10,8,6,11,3,13,4,13,6,11,9,10,0,1,0,10
192,0,0,0,0,0,0,0,0,37,35,31,36,36,37,38,33,33,36,34,34,32,36,32,39,32,38,32,40,37,41,33,41,39,32,38,30,34,37,32,33,33,38,31,32,35,36,34,36,0,6,10,7,7,4,9,7,12,6,7,7,12,7,5,7,16,5,4,5,11,10,7,9,9,9,7,9,12,6,8,12,6,12,6,7,8,6,8,13,5,0,1,0,10
193,0,0,0,0,0,0,0,0,38,38,34,39,33,33,35,40,35,34,28,31,38,34,40,32,39,40,31,30,36,36,32,32,39,41,37,36,34,33,35,31,32,38,33,36,32,38,33,38,0,6,9,13,11,12,6,7,11,9,10,10,6,10,10,6,5,10,12,14,11,12,5,13,11,6,10,11,10,11,6,7,10,10,14,8,13,7,10,9,6,0,1,0,10
194,0,0,0,0,0,0,0,0,26,36,34,37,32,39,38,33,37,34,36,34,35,37,35,37,34,34,40,36,39,36,33,33,33,38,29,37,37,36,33,32,31,35,36,34,40,36,36,36,0,4,7,7,5,10,11,9,12,7,13,12,8,7,14,9,8,7,11,10,8,8,13,13,7,6,14,10,10,13,4,9,7,6,10,5,4,14,10,6,12,0,1,0,10
195,0,0,0,0,0,0,0,0,37,36,37,37,33,36,35,38,31,32,37,36,35,31,31,33,32,37,33,35,34,29,34,34,34,38,33,37,35,33,34,32,34,34,39,33,36,36,34,32,0,7,8,10,10,6,5,4,10,13,5,7,5,7,6,10,9,7,7,6,5,6,3,4,6,9,9,14,6,6,11,8,9,8,8,8,8,8,13,11,8,0,1,0,10
196,0,0,0,0,0,0,0,0,31,36,33,33,31,34,37,35,34,30,39,38,34,35,34,35,37,39,36,37,35,38,33,35,33,37,34,38,31,36,39,34,35,34,36,31,35,33,34,38,0,12,11,8,10,3,4,10,5,10,10,13,11,10,5,7,6,9,8,8,13,8,13,10,10,5,9,8,13,5,7,11,7,14,10,9,9,6,3,16,5,0,1,0,10
197,0,0,0,0,0,0,0,0,39,32,35,39,29,33,36,35,30,39,34,33,35,31,31,33,42,37,34,31,34,37,40,39,33,35,35,35,37,36,38,34,37,39,32,31,39,34,38,28,0,8,9,11,11,9,5,5,6,8,4,4,8,10,7,16,7,12,10,10,10,10,3,10,10,8,8,11,5,7,10,16,13,7,7,11,9,16,6,10,12,0,1,0,10
198,0,0,0,0,0,0,0,0,34,28,31,36,36,36,32,37,39,32,37,33,34,35,35,40,38,35,34,32,35,41,31,39,39,34,36,32,27,36,35,34,33,36,34,31,31,34,36,34,0,5,8,10,11,9,10,7,6,11,12,10,5,8,9,12,7,5,9,10,10,9,7,4,9,7,13,15,12,7,6,10,6,3,7,4,7,3,9,6,8,0,1,0,10
199,0,0,0,0,0,0,0,0,38,39,37,35,39,38,37,37,35,31,32,34,31,32,36,36,34,37,37,33,39,27,36,36,34,33,37,32,40,39,33,40,37,33,42,33,34,37,35,33,0,3,15,4,5,11,11,5,5,8,9,10,10,7,7,9,8,11,11,9,6,7,7,10,8,8,11,6,6,18,7,15,9,10,11,9,5,4,11,4,11,0,1,0,10
